1: [13] 211
27 59 123 42 11 167 69 58 22 135 67 172 198 211 229 315 540 426 763 736
690 368 567 429 782 530 862 383 362 421 370 802 649 492 386 335 393 456 793 915
777 373 421 919 784 537 886 324 926 929 
10000000000111110000000000000000000000000000000001
0          23331                                 0
RANK: start, stop, mid14925
RANK: start, stop, mid12412
RANK: start, stop, mid132418
RANK: start, stop, mid131715
RANK: start, stop, x1648526
2: 526 [31]
27 59 123 42 11 167 69 58 22 135 67 172 198 211 229 315 324 426 386 421
373 368 456 429 393 370 335 383 362 421 492 530 537 540 802 862 782 567 793 915
777 690 736 919 784 763 886 649 926 929 
10000000000111111000000000000011110000000000000011
0          233313             5664              20
3: [41] 784
27 59 123 42 11 167 69 58 22 135 67 172 198 211 229 315 324 426 386 421
373 368 456 429 393 370 335 383 362 421 492 530 537 540 567 649 782 736 690 763
777 784 802 793 862 915 886 919 926 929 
10000000000111111000000000000011110100000100100011
0          233313             5664 5     7  6   20
4: 980 [50]
27 59 123 42 11 167 69 58 22 135 67 172 198 211 229 315 324 426 386 421
373 368 456 429 393 370 335 383 362 421 492 530 537 540 567 649 782 736 690 763
777 784 802 793 862 915 886 919 926 929 
10000000000111111000000000000011110100000100100011
0          233313             5664 5     7  6   20
5: [6] 67
27 59 22 42 11 58 67 167 123 135 69 172 198 211 229 315 324 426 386 421
373 368 456 429 393 370 335 383 362 421 492 530 537 540 567 649 782 736 690 763
777 784 802 793 862 915 886 919 926 929 
10000010000111111000000000000011110100000100100011
0     3    233313             5664 5     7  6   20
RANK: start, stop, mid14925
RANK: start, stop, mid264937
RANK: start, stop, mid384943
RANK: start, stop, mid444946
RANK: start, stop, x4547873
6: 873 [45]
27 59 22 42 11 58 67 167 123 135 69 172 198 211 229 315 324 426 386 421
373 368 456 429 393 370 335 383 362 421 492 530 537 540 567 649 782 736 690 763
777 784 802 793 862 886 915 919 926 929 
10000010000111111000000000000011110100000100111111
0     3    233313             5664 5     7  677720
7: [12] 198
27 59 22 42 11 58 67 167 123 135 69 172 198 211 229 315 324 426 386 421
373 368 456 429 393 370 335 383 362 421 492 530 537 540 567 649 782 736 690 763
777 784 802 793 862 886 915 919 926 929 
10000010000111111000000000000011110100000100111111
0     3    233313             5664 5     7  677720
RANK: start, stop, mid14925
RANK: start, stop, mid12412
RANK: start, stop, mid1116
RANK: start, stop, mid7119
RANK: start, stop, x710170
8: 170 [11]
27 59 22 42 11 58 67 69 123 135 167 172 198 211 229 315 324 426 386 421
373 368 456 429 393 370 335 383 362 421 492 530 537 540 567 649 782 736 690 763
777 784 802 793 862 886 915 919 926 929 
10000011111111111000000000000011110100000100111111
0     34444233313             5664 5     7  677720
9: [46] 915
27 59 22 42 11 58 67 69 123 135 167 172 198 211 229 315 324 426 386 421
373 368 456 429 393 370 335 383 362 421 492 530 537 540 567 649 782 736 690 763
777 784 802 793 862 886 915 919 926 929 
10000011111111111000000000000011110100000100111111
0     34444233313             5664 5     7  677720
RANK: start, stop, mid14925
RANK: start, stop, mid12412
RANK: start, stop, mid132418
RANK: start, stop, mid131715
RANK: start, stop, x1413281
10: 281 [15]
27 59 22 42 11 58 67 69 123 135 167 172 198 211 229 315 324 426 386 421
373 368 456 429 393 370 335 383 362 421 492 530 537 540 567 649 782 736 690 763
777 784 802 793 862 886 915 919 926 929 
10000011111111111000000000000011110100000100111111
0     34444233313             5664 5     7  677720
11: [5] 59
27 11 22 42 58 59 67 69 123 135 167 172 198 211 229 315 324 426 386 421
373 368 456 429 393 370 335 383 362 421 492 530 537 540 567 649 782 736 690 763
777 784 802 793 862 886 915 919 926 929 
11111111111111111000000000000011110100000100111111
04444434444233313             5664 5     7  677720
RANK: start, stop, mid14925
RANK: start, stop, mid264937
RANK: start, stop, mid384943
RANK: start, stop, mid444946
RANK: start, stop, mid474948
RANK: start, stop, x4846925
12: 925 [48]
27 11 22 42 58 59 67 69 123 135 167 172 198 211 229 315 324 426 386 421
373 368 456 429 393 370 335 383 362 421 492 530 537 540 567 649 782 736 690 763
777 784 802 793 862 886 915 919 926 929 
11111111111111111000000000000011110100000100111111
04444434444233313             5664 5     7  677720
13: [34] 567
27 11 22 42 58 59 67 69 123 135 167 172 198 211 229 315 324 426 386 421
373 368 456 429 393 370 335 383 362 421 492 530 537 540 567 649 782 736 690 763
777 784 802 793 862 886 915 919 926 929 
11111111111111111000000000000011111100000100111111
04444434444233313             566465     7  677720
RANK: start, stop, mid14925
RANK: start, stop, mid12412
RANK: start, stop, mid132418
RANK: start, stop, mid131715
RANK: start, stop, x1729327
14: 327 [17]
27 11 22 42 58 59 67 69 123 135 167 172 198 211 229 315 324 335 362 368
370 383 386 373 393 421 456 421 426 429 492 530 537 540 567 649 782 736 690 763
777 784 802 793 862 886 915 919 926 929 
11111111111111111111100011000011111100000100111111
044444344442333139998   76    566465     7  677720
15: [36] 690
27 11 22 42 58 59 67 69 123 135 167 172 198 211 229 315 324 335 362 368
370 383 386 373 393 421 456 421 426 429 492 530 537 540 567 649 690 736 763 777
782 784 802 793 862 886 915 919 926 929 
11111111111111111111100011000011111111111100111111
044444344442333139998   76    566465888887  677720
RANK: start, stop, mid14925
RANK: start, stop, mid264937
RANK: start, stop, mid263631
RANK: start, stop, mid263028
RANK: start, stop, x2629505
16: 505 [31]
27 11 22 42 58 59 67 69 123 135 167 172 198 211 229 315 324 335 362 368
370 383 386 373 393 421 421 426 429 456 492 530 537 540 567 649 690 736 763 777
782 784 802 793 862 886 915 919 926 929 
11111111111111111111100011111111111111111100111111
044444344442333139998   767777566465888887  677720
17: [46] 915
27 11 22 42 58 59 67 69 123 135 167 172 198 211 229 315 324 335 362 368
370 383 386 373 393 421 421 426 429 456 492 530 537 540 567 649 690 736 763 777
782 784 802 793 862 886 915 919 926 929 
11111111111111111111100011111111111111111100111111
044444344442333139998   767777566465888887  677720
RANK: start, stop, mid14925
RANK: start, stop, mid264937
RANK: start, stop, mid263631
RANK: start, stop, mid323634
RANK: start, stop, x3635729
18: 729 [37]
27 11 22 42 58 59 67 69 123 135 167 172 198 211 229 315 324 335 362 368
370 383 386 373 393 421 421 426 429 456 492 530 537 540 567 649 690 736 763 777
782 784 802 793 862 886 915 919 926 929 
11111111111111111111100011111111111111111100111111
044444344442333139998   767777566465888887  677720
19: [13] 211
27 11 22 42 58 59 67 69 123 135 167 172 198 211 229 315 324 335 362 368
370 383 386 373 393 421 421 426 429 456 492 530 537 540 567 649 690 736 763 777
782 784 802 793 862 886 915 919 926 929 
11111111111111111111100011111111111111111100111111
044444344442333139998   767777566465888887  677720
RANK: start, stop, mid14925
RANK: start, stop, mid264937
RANK: start, stop, mid384943
RANK: start, stop, mid444946
RANK: start, stop, x4544857
20: 857 [45]
27 11 22 42 58 59 67 69 123 135 167 172 198 211 229 315 324 335 362 368
370 383 386 373 393 421 421 426 429 456 492 530 537 540 567 649 690 736 763 777
782 784 802 793 862 886 915 919 926 929 
11111111111111111111100011111111111111111100111111
044444344442333139998   767777566465888887  677720
21: [24] 393
27 11 22 42 58 59 67 69 123 135 167 172 198 211 229 315 324 335 362 368
370 383 386 373 393 421 421 426 429 456 492 530 537 540 567 649 690 736 763 777
782 784 802 793 862 886 915 919 926 929 
11111111111111111111100011111111111111111100111111
044444344442333139998   767777566465888887  677720
RANK: start, stop, mid14925
RANK: start, stop, mid264937
RANK: start, stop, mid384943
RANK: start, stop, mid444946
RANK: start, stop, x4544895
22: 895 [46]
27 11 22 42 58 59 67 69 123 135 167 172 198 211 229 315 324 335 362 368
370 383 386 373 393 421 421 426 429 456 492 530 537 540 567 649 690 736 763 777
782 784 802 793 862 886 915 919 926 929 
11111111111111111111100011111111111111111100111111
044444344442333139998   767777566465888887  677720
23: [32] 537
27 11 22 42 58 59 67 69 123 135 167 172 198 211 229 315 324 335 362 368
370 383 386 373 393 421 421 426 429 456 492 530 537 540 567 649 690 736 763 777
782 784 802 793 862 886 915 919 926 929 
11111111111111111111100011111111111111111100111111
044444344442333139998   767777566465888887  677720
RANK: start, stop, mid14925
RANK: start, stop, mid264937
RANK: start, stop, mid263631
RANK: start, stop, mid323634
RANK: start, stop, x3332545
24: 545 [34]
27 11 22 42 58 59 67 69 123 135 167 172 198 211 229 315 324 335 362 368
370 383 386 373 393 421 421 426 429 456 492 530 537 540 567 649 690 736 763 777
782 784 802 793 862 886 915 919 926 929 
11111111111111111111100011111111111111111100111111
044444344442333139998   767777566465888887  677720
25: [14] 229
27 11 22 42 58 59 67 69 123 135 167 172 198 211 229 315 324 335 362 368
370 383 386 373 393 421 421 426 429 456 492 530 537 540 567 649 690 736 763 777
782 784 802 793 862 886 915 919 926 929 
11111111111111111111100011111111111111111100111111
044444344442333139998   767777566465888887  677720
RANK: start, stop, mid14925
RANK: start, stop, mid12412
RANK: start, stop, mid132418
RANK: start, stop, mid192421
RANK: start, stop, x2019367
26: 367 [20]
27 11 22 42 58 59 67 69 123 135 167 172 198 211 229 315 324 335 362 368
370 383 386 373 393 421 421 426 429 456 492 530 537 540 567 649 690 736 763 777
782 784 802 793 862 886 915 919 926 929 
11111111111111111111100011111111111111111100111111
044444344442333139998   767777566465888887  677720
27: [34] 567
27 11 22 42 58 59 67 69 123 135 167 172 198 211 229 315 324 335 362 368
370 383 386 373 393 421 421 426 429 456 492 530 537 540 567 649 690 736 763 777
782 784 802 793 862 886 915 919 926 929 
11111111111111111111100011111111111111111100111111
044444344442333139998   767777566465888887  677720
RANK: start, stop, mid14925
RANK: start, stop, mid12412
RANK: start, stop, mid132418
RANK: start, stop, mid192421
RANK: start, stop, x2019364
28: 364 [20]
27 11 22 42 58 59 67 69 123 135 167 172 198 211 229 315 324 335 362 368
370 383 386 373 393 421 421 426 429 456 492 530 537 540 567 649 690 736 763 777
782 784 802 793 862 886 915 919 926 929 
11111111111111111111100011111111111111111100111111
044444344442333139998   767777566465888887  677720
29: [43] 802
27 11 22 42 58 59 67 69 123 135 167 172 198 211 229 315 324 335 362 368
370 383 386 373 393 421 421 426 429 456 492 530 537 540 567 649 690 736 763 777
782 784 793 802 862 886 915 919 926 929 
11111111111111111111100011111111111111111111111111
044444344442333139998   76777756646588888788677720
RANK: start, stop, mid14925
RANK: start, stop, mid264937
RANK: start, stop, mid384943
RANK: start, stop, mid384240
RANK: start, stop, x3938750
30: 750 [39]
27 11 22 42 58 59 67 69 123 135 167 172 198 211 229 315 324 335 362 368
370 383 386 373 393 421 421 426 429 456 492 530 537 540 567 649 690 736 763 777
782 784 793 802 862 886 915 919 926 929 
11111111111111111111100011111111111111111111111111
044444344442333139998   76777756646588888788677720
31: [37] 736
27 11 22 42 58 59 67 69 123 135 167 172 198 211 229 315 324 335 362 368
370 383 386 373 393 421 421 426 429 456 492 530 537 540 567 649 690 736 763 777
782 784 793 802 862 886 915 919 926 929 
11111111111111111111100011111111111111111111111111
044444344442333139998   76777756646588888788677720
RANK: start, stop, mid14925
RANK: start, stop, mid264937
RANK: start, stop, mid384943
RANK: start, stop, mid444946
RANK: start, stop, x4544808
32: 808 [45]
27 11 22 42 58 59 67 69 123 135 167 172 198 211 229 315 324 335 362 368
370 383 386 373 393 421 421 426 429 456 492 530 537 540 567 649 690 736 763 777
782 784 793 802 862 886 915 919 926 929 
11111111111111111111100011111111111111111111111111
044444344442333139998   76777756646588888788677720
33: [26] 421
27 11 22 42 58 59 67 69 123 135 167 172 198 211 229 315 324 335 362 368
370 383 386 373 393 421 421 426 429 456 492 530 537 540 567 649 690 736 763 777
782 784 793 802 862 886 915 919 926 929 
11111111111111111111100011111111111111111111111111
044444344442333139998   76777756646588888788677720
RANK: start, stop, mid14925
RANK: start, stop, mid12412
RANK: start, stop, mid1116
RANK: start, stop, mid7119
RANK: start, stop, x1110178
34: 178 [12]
27 11 22 42 58 59 67 69 123 135 167 172 198 211 229 315 324 335 362 368
370 383 386 373 393 421 421 426 429 456 492 530 537 540 567 649 690 736 763 777
782 784 793 802 862 886 915 919 926 929 
11111111111111111111100011111111111111111111111111
044444344442333139998   76777756646588888788677720
35: [38] 763
27 11 22 42 58 59 67 69 123 135 167 172 198 211 229 315 324 335 362 368
370 383 386 373 393 421 421 426 429 456 492 530 537 540 567 649 690 736 763 777
782 784 793 802 862 886 915 919 926 929 
11111111111111111111100011111111111111111111111111
044444344442333139998   76777756646588888788677720
RANK: start, stop, mid14925
RANK: start, stop, mid264937
RANK: start, stop, mid263631
RANK: start, stop, mid323634
RANK: start, stop, x3635584
36: 584 [36]
27 11 22 42 58 59 67 69 123 135 167 172 198 211 229 315 324 335 362 368
370 383 386 373 393 421 421 426 429 456 492 530 537 540 567 649 690 736 763 777
782 784 793 802 862 886 915 919 926 929 
11111111111111111111100011111111111111111111111111
044444344442333139998   76777756646588888788677720
37: [3] 42
27 11 22 42 58 59 67 69 123 135 167 172 198 211 229 315 324 335 362 368
370 383 386 373 393 421 421 426 429 456 492 530 537 540 567 649 690 736 763 777
782 784 793 802 862 886 915 919 926 929 
11111111111111111111100011111111111111111111111111
044444344442333139998   76777756646588888788677720
RANK: start, stop, mid14925
RANK: start, stop, mid264937
RANK: start, stop, mid263631
RANK: start, stop, mid323634
RANK: start, stop, x3635651
38: 651 [36]
27 11 22 42 58 59 67 69 123 135 167 172 198 211 229 315 324 335 362 368
370 383 386 373 393 421 421 426 429 456 492 530 537 540 567 649 690 736 763 777
782 784 793 802 862 886 915 919 926 929 
11111111111111111111100011111111111111111111111111
044444344442333139998   76777756646588888788677720
39: [4] 58
27 11 22 42 58 59 67 69 123 135 167 172 198 211 229 315 324 335 362 368
370 383 386 373 393 421 421 426 429 456 492 530 537 540 567 649 690 736 763 777
782 784 793 802 862 886 915 919 926 929 
11111111111111111111100011111111111111111111111111
044444344442333139998   76777756646588888788677720
RANK: start, stop, mid14925
RANK: start, stop, mid12412
RANK: start, stop, mid132418
RANK: start, stop, mid192421
RANK: start, stop, mid222423
RANK: start, stop, x2523399
40: 399 [25]
27 11 22 42 58 59 67 69 123 135 167 172 198 211 229 315 324 335 362 368
370 383 386 373 393 421 421 426 429 456 492 530 537 540 567 649 690 736 763 777
782 784 793 802 862 886 915 919 926 929 
11111111111111111111100011111111111111111111111111
044444344442333139998   76777756646588888788677720
41: [32] 537
27 11 22 42 58 59 67 69 123 135 167 172 198 211 229 315 324 335 362 368
370 383 386 373 393 421 421 426 429 456 492 530 537 540 567 649 690 736 763 777
782 784 793 802 862 886 915 919 926 929 
11111111111111111111100011111111111111111111111111
044444344442333139998   76777756646588888788677720
RANK: start, stop, mid14925
RANK: start, stop, mid12412
RANK: start, stop, mid1116
RANK: start, stop, mid153
RANK: start, stop, x5460
42: 60 [6]
27 11 22 42 58 59 67 69 123 135 167 172 198 211 229 315 324 335 362 368
370 383 386 373 393 421 421 426 429 456 492 530 537 540 567 649 690 736 763 777
782 784 793 802 862 886 915 919 926 929 
11111111111111111111100011111111111111111111111111
044444344442333139998   76777756646588888788677720
43: [26] 421
27 11 22 42 58 59 67 69 123 135 167 172 198 211 229 315 324 335 362 368
370 383 386 373 393 421 421 426 429 456 492 530 537 540 567 649 690 736 763 777
782 784 793 802 862 886 915 919 926 929 
11111111111111111111100011111111111111111111111111
044444344442333139998   76777756646588888788677720
RANK: start, stop, mid14925
RANK: start, stop, mid12412
RANK: start, stop, mid132418
RANK: start, stop, mid192421
44: 368 [19]
27 11 22 42 58 59 67 69 123 135 167 172 198 211 229 315 324 335 362 368
370 383 386 373 393 421 421 426 429 456 492 530 537 540 567 649 690 736 763 777
782 784 793 802 862 886 915 919 926 929 
11111111111111111111100011111111111111111111111111
044444344442333139998   76777756646588888788677720
45: [39] 777
27 11 22 42 58 59 67 69 123 135 167 172 198 211 229 315 324 335 362 368
370 383 386 373 393 421 421 426 429 456 492 530 537 540 567 649 690 736 763 777
782 784 793 802 862 886 915 919 926 929 
11111111111111111111100011111111111111111111111111
044444344442333139998   76777756646588888788677720
46: 12 [0]
27 11 22 42 58 59 67 69 123 135 167 172 198 211 229 315 324 335 362 368
370 383 386 373 393 421 421 426 429 456 492 530 537 540 567 649 690 736 763 777
782 784 793 802 862 886 915 919 926 929 
11111111111111111111100011111111111111111111111111
044444344442333139998   76777756646588888788677720
47: [26] 421
27 11 22 42 58 59 67 69 123 135 167 172 198 211 229 315 324 335 362 368
370 383 386 373 393 421 421 426 429 456 492 530 537 540 567 649 690 736 763 777
782 784 793 802 862 886 915 919 926 929 
11111111111111111111100011111111111111111111111111
044444344442333139998   76777756646588888788677720
RANK: start, stop, mid14925
RANK: start, stop, mid264937
RANK: start, stop, mid263631
RANK: start, stop, mid323634
RANK: start, stop, x3635586
48: 586 [36]
27 11 22 42 58 59 67 69 123 135 167 172 198 211 229 315 324 335 362 368
370 383 386 373 393 421 421 426 429 456 492 530 537 540 567 649 690 736 763 777
782 784 793 802 862 886 915 919 926 929 
11111111111111111111100011111111111111111111111111
044444344442333139998   76777756646588888788677720
49: [44] 862
27 11 22 42 58 59 67 69 123 135 167 172 198 211 229 315 324 335 362 368
370 383 386 373 393 421 421 426 429 456 492 530 537 540 567 649 690 736 763 777
782 784 793 802 862 886 915 919 926 929 
11111111111111111111100011111111111111111111111111
044444344442333139998   76777756646588888788677720
RANK: start, stop, mid14925
RANK: start, stop, mid264937
RANK: start, stop, mid263631
RANK: start, stop, mid323634
RANK: start, stop, x3332539
50: 539 [33]
27 11 22 42 58 59 67 69 123 135 167 172 198 211 229 315 324 335 362 368
370 383 386 373 393 421 421 426 429 456 492 530 537 540 567 649 690 736 763 777
782 784 793 802 862 886 915 919 926 929 
11111111111111111111100011111111111111111111111111
044444344442333139998   76777756646588888788677720
